     1.000      0.000      1.000      1.000      1.000      1.000      1.000      1.000      1.000      1.000      0.906      0.000      0.094      0.000      0.000      1.000   1
     0.000      1.000      1.000      0.000      0.000      0.000      0.000      1.000      0.000      0.000      0.000      0.000      0.000      1.000      0.000      4.000   2
     0.000      0.000      0.000      0.000      0.000      0.000      0.000      0.000      0.000      0.000      0.000      0.000      0.000      0.042      0.958      5.000   3
     0.000      0.000      1.000      0.000      0.000      0.000      0.000      0.000      0.000      0.000      0.000      0.000      0.000      0.257      0.743      5.000   4
     1.000      1.000      1.000      1.000      1.000      1.000      0.000      1.000      1.000      1.000      0.628      0.000      0.372      0.000      0.000      1.000   5
     1.000      1.000      1.000      0.000      1.000      0.000      0.000      1.000      1.000      1.000      0.001      0.000      0.999      0.000      0.000      3.000   6
     0.000      0.000      0.000      0.000      0.000      0.000      0.000      0.000      0.000      0.000      0.000      0.000      0.000      0.042      0.958      5.000   7
     0.000      0.000      0.000      0.000      1.000      0.000      0.000      0.000      0.000      0.000      0.000      0.000      0.000      0.118      0.882      5.000   8
     0.000      0.000      0.000      0.000      0.000      0.000      0.000      0.000      0.000      1.000      0.000      0.000      0.000      0.023      0.977      5.000   9
     0.000      0.000      0.000      0.000      0.000      0.000      0.000      0.000      0.000      0.000      0.000      0.000      0.000      0.042      0.958      5.000  10
     1.000      0.000      0.000      1.000      0.000      1.000      0.000      1.000      1.000      1.000      0.000      0.000      1.000      0.000      0.000      3.000  11
     0.000      0.000      0.000      0.000      0.000      0.000      0.000      0.000      0.000      0.000      0.000      0.000      0.000      0.042      0.958      5.000  12
     0.000      0.000      0.000      0.000      0.000      0.000      0.000      0.000      0.000      1.000      0.000      0.000      0.000      0.023      0.977      5.000  13
     1.000      1.000      1.000      1.000      1.000      1.000      1.000      1.000      1.000      1.000      0.982      0.000      0.018      0.000      0.000      1.000  14
     1.000      1.000      1.000      1.000      1.000      1.000      1.000      1.000      1.000      1.000      0.982      0.000      0.018      0.000      0.000      1.000  15
     0.000      0.000      0.000      0.000      0.000      0.000      0.000      0.000      0.000      0.000      0.000      0.000      0.000      0.042      0.958      5.000  16
     0.000      0.000      0.000      0.000      0.000      0.000      0.000      0.000      0.000      0.000      0.000      0.000      0.000      0.042      0.958      5.000  17
     0.000      1.000      0.000      0.000      1.000      0.000      0.000      1.000      0.000      0.000      0.000      0.000      0.000      1.000      0.000      4.000  18
     0.000      0.000      0.000      0.000      0.000      0.000      0.000      0.000      0.000      0.000      0.000      0.000      0.000      0.042      0.958      5.000  19
     0.000      0.000      1.000      0.000      0.000      0.000      0.000      0.000      0.000      0.000      0.000      0.000      0.000      0.257      0.743      5.000  20
     1.000      1.000      1.000      1.000      1.000      1.000      1.000      1.000      1.000      1.000      0.982      0.000      0.018      0.000      0.000      1.000  21
     0.000      1.000      1.000      0.000      0.000      0.000      0.000      0.000      0.000      0.000      0.000      0.000      0.000      1.000      0.000      4.000  22
     0.000      0.000      0.000      0.000      0.000      0.000      0.000      1.000      0.000      0.000      0.000      0.000      0.000      0.132      0.868      5.000  23
     1.000      0.000      1.000      1.000      1.000      1.000      0.000      1.000      1.000      1.000      0.230      0.000      0.770      0.000      0.000      3.000  24
     1.000      1.000      1.000      1.000      1.000      0.000      1.000      1.000      1.000      1.000      0.528      0.000      0.472      0.000      0.000      1.000  25
     0.000      0.000      0.000      0.000      0.000      0.000      0.000      0.000      0.000      1.000      0.000      0.000      0.000      0.023      0.977      5.000  26
     1.000      1.000      1.000      1.000      1.000      0.000      1.000      0.000      1.000      1.000      0.000      0.000      1.000      0.000      0.000      3.000  27
     1.000      1.000      0.000      0.000      1.000      1.000      0.000      1.000      1.000      1.000      0.000      0.000      1.000      0.000      0.000      3.000  28
     0.000      0.000      0.000      0.000      0.000      0.000      0.000      0.000      0.000      0.000      0.000      0.000      0.000      0.042      0.958      5.000  29
     0.000      0.000      0.000      0.000      1.000      0.000      0.000      0.000      0.000      0.000      0.000      0.000      0.000      0.118      0.882      5.000  30
     0.000      0.000      0.000      0.000      0.000      0.000      0.000      1.000      0.000      0.000      0.000      0.000      0.000      0.132      0.868      5.000  31
     0.000      1.000      0.000      0.000      0.000      0.000      0.000      0.000      0.000      0.000      0.000      0.000      0.000      1.000      0.000      4.000  32
     0.000      0.000      0.000      0.000      0.000      0.000      0.000      0.000      0.000      1.000      0.000      0.000      0.000      0.023      0.977      5.000  33
     1.000      1.000      1.000      0.000      0.000      0.000      0.000      0.000      0.000      0.000      0.000      0.000      0.000      1.000      0.000      4.000  34
     0.000      0.000      0.000      0.000      0.000      0.000      0.000      0.000      0.000      0.000      0.000      0.000      0.000      0.042      0.958      5.000  35
     0.000      0.000      0.000      0.000      0.000      0.000      0.000      1.000      0.000      1.000      0.000      0.000      0.000      0.074      0.926      5.000  36
     1.000      0.000      0.000      0.000      0.000      0.000      0.000      0.000      0.000      0.000      0.000      0.000      0.000      0.242      0.758      5.000  37
     1.000      1.000      1.000      1.000      1.000      0.000      0.000      0.000      1.000      1.000      0.000      0.000      1.000      0.000      0.000      3.000  38
     0.000      0.000      0.000      0.000      0.000      0.000      0.000      0.000      0.000      0.000      0.000      0.000      0.000      0.042      0.958      5.000  39
     0.000      1.000      1.000      0.000      1.000      1.000      0.000      1.000      1.000      1.000      0.035      0.000      0.965      0.000      0.000      3.000  40
     0.000      1.000      1.000      1.000      1.000      1.000      1.000      1.000      1.000      1.000      0.977      0.000      0.023      0.000      0.000      1.000  41
     0.000      0.000      0.000      0.000      0.000      0.000      0.000      0.000      0.000      0.000      0.000      0.000      0.000      0.042      0.958      5.000  42
     0.000      1.000      1.000      0.000      1.000      0.000      1.000      0.000      0.000      1.000      0.000      1.000      0.000      0.000      0.000      2.000  43
     0.000      1.000      0.000      0.000      0.000      0.000      0.000      1.000      0.000      1.000      0.000      0.000      0.000      1.000      0.000      4.000  44
     1.000      1.000      1.000      1.000      1.000      1.000      1.000      1.000      1.000      1.000      0.982      0.000      0.018      0.000      0.000      1.000  45
     0.000      0.000      0.000      0.000      0.000      0.000      0.000      0.000      0.000      0.000      0.000      0.000      0.000      0.042      0.958      5.000  46
     0.000      0.000      0.000      0.000      0.000      0.000      0.000      0.000      0.000      0.000      0.000      0.000      0.000      0.042      0.958      5.000  47
     1.000      1.000      0.000      0.000      0.000      0.000      0.000      1.000      0.000      0.000      0.000      0.000      0.000      1.000      0.000      4.000  48
     1.000      1.000      0.000      0.000      1.000      0.000      0.000      1.000      1.000      0.000      0.000      0.000      1.000      0.000      0.000      3.000  49
     1.000      1.000      0.000      0.000      0.000      0.000      0.000      0.000      0.000      0.000      0.000      0.000      0.000      1.000      0.000      4.000  50
     1.000      1.000      1.000      0.000      1.000      1.000      0.000      1.000      1.000      1.000      0.045      0.000      0.955      0.000      0.000      3.000  51
     0.000      0.000      0.000      0.000      0.000      0.000      0.000      0.000      0.000      0.000      0.000      0.000      0.000      0.042      0.958      5.000  52
     0.000      0.000      0.000      0.000      0.000      0.000      0.000      1.000      0.000      0.000      0.000      0.000      0.000      0.132      0.868      5.000  53
     1.000      1.000      1.000      1.000      1.000      1.000      1.000      1.000      1.000      1.000      0.982      0.000      0.018      0.000      0.000      1.000  54
     1.000      1.000      1.000      1.000      1.000      1.000      1.000      1.000      1.000      1.000      0.982      0.000      0.018      0.000      0.000      1.000  55
     0.000      0.000      0.000      0.000      0.000      0.000      0.000      0.000      0.000      0.000      0.000      0.000      0.000      0.042      0.958      5.000  56
     0.000      0.000      0.000      0.000      0.000      0.000      0.000      0.000      0.000      0.000      0.000      0.000      0.000      0.042      0.958      5.000  57
     0.000      1.000      0.000      0.000      0.000      0.000      0.000      0.000      0.000      0.000      0.000      0.000      0.000      1.000      0.000      4.000  58
     1.000      1.000      1.000      1.000      1.000      1.000      1.000      1.000      1.000      1.000      0.982      0.000      0.018      0.000      0.000      1.000  59
     1.000      0.000      1.000      0.000      1.000      0.000      1.000      0.000      0.000      1.000      0.000      1.000      0.000      0.000      0.000      2.000  60
     0.000      0.000      0.000      0.000      0.000      0.000      0.000      0.000      0.000      0.000      0.000      0.000      0.000      0.042      0.958      5.000  61
     0.000      1.000      0.000      0.000      0.000      0.000      0.000      1.000      0.000      0.000      0.000      0.000      0.000      1.000      0.000      4.000  62
     0.000      0.000      0.000      0.000      0.000      0.000      0.000      0.000      0.000      0.000      0.000      0.000      0.000      0.042      0.958      5.000  63
     1.000      1.000      0.000      0.000      0.000      0.000      1.000      1.000      1.000      1.000      0.000      0.000      1.000      0.000      0.000      3.000  64
     0.000      0.000      0.000      0.000      0.000      0.000      0.000      1.000      0.000      0.000      0.000      0.000      0.000      0.132      0.868      5.000  65
     0.000      0.000      0.000      0.000      0.000      0.000      0.000      0.000      0.000      0.000      0.000      0.000      0.000      0.042      0.958      5.000  66
     1.000      0.000      1.000      1.000      1.000      0.000      0.000      1.000      1.000      0.000      0.002      0.000      0.998      0.000      0.000      3.000  67
     0.000      0.000      0.000      0.000      0.000      0.000      0.000      0.000      0.000      0.000      0.000      0.000      0.000      0.042      0.958      5.000  68
     0.000      1.000      0.000      0.000      0.000      0.000      0.000      1.000      0.000      0.000      0.000      0.000      0.000      1.000      0.000      4.000  69
     0.000      0.000      0.000      0.000      0.000      0.000      0.000      0.000      0.000      0.000      0.000      0.000      0.000      0.042      0.958      5.000  70
     0.000      1.000      0.000      0.000      0.000      1.000      0.000      0.000      0.000      0.000      0.000      0.000      0.000      1.000      0.000      4.000  71
     1.000      1.000      1.000      1.000      1.000      1.000      1.000      1.000      1.000      1.000      0.982      0.000      0.018      0.000      0.000      1.000  72
     0.000      0.000      1.000      0.000      1.000      1.000      1.000      0.000      1.000      0.000      0.000      0.995      0.005      0.000      0.000      2.000  73
     1.000      1.000      1.000      1.000      1.000      1.000      1.000      1.000      1.000      1.000      0.982      0.000      0.018      0.000      0.000      1.000  74
     0.000      0.000      0.000      0.000      0.000      0.000      0.000      1.000      0.000      0.000      0.000      0.000      0.000      0.132      0.868      5.000  75
     1.000      1.000      1.000      1.000      1.000      1.000      1.000      1.000      1.000      1.000      0.982      0.000      0.018      0.000      0.000      1.000  76
     1.000      0.000      1.000      0.000      1.000      0.000      0.000      1.000      0.000      0.000      0.000      0.000      0.000      0.963      0.037      4.000  77
     0.000      0.000      0.000      0.000      0.000      0.000      0.000      1.000      0.000      0.000      0.000      0.000      0.000      0.132      0.868      5.000  78
     1.000      1.000      1.000      1.000      1.000      1.000      1.000      1.000      1.000      1.000      0.982      0.000      0.018      0.000      0.000      1.000  79
     0.000      1.000      1.000      0.000      0.000      0.000      0.000      0.000      0.000      0.000      0.000      0.000      0.000      1.000      0.000      4.000  80
     0.000      1.000      0.000      0.000      0.000      0.000      0.000      0.000      0.000      0.000      0.000      0.000      0.000      1.000      0.000      4.000  81
     0.000      0.000      0.000      0.000      0.000      0.000      0.000      0.000      0.000      0.000      0.000      0.000      0.000      0.042      0.958      5.000  82
     0.000      0.000      1.000      0.000      0.000      0.000      0.000      0.000      0.000      0.000      0.000      0.000      0.000      0.257      0.743      5.000  83
     1.000      0.000      0.000      0.000      0.000      0.000      0.000      1.000      0.000      0.000      0.000      0.000      0.000      0.525      0.475      4.000  84
     0.000      0.000      0.000      0.000      0.000      0.000      0.000      0.000      0.000      0.000      0.000      0.000      0.000      0.042      0.958      5.000  85
     0.000      0.000      0.000      0.000      0.000      0.000      0.000      0.000      0.000      0.000      0.000      0.000      0.000      0.042      0.958      5.000  86
     0.000      0.000      0.000      0.000      0.000      0.000      0.000      0.000      0.000      0.000      0.000      0.000      0.000      0.042      0.958      5.000  87
     1.000      1.000      0.000      0.000      1.000      0.000      1.000      1.000      1.000      1.000      0.000      0.000      1.000      0.000      0.000      3.000  88
     0.000      0.000      0.000      0.000      0.000      0.000      0.000      1.000      0.000      0.000      0.000      0.000      0.000      0.132      0.868      5.000  89
     0.000      0.000      0.000      0.000      0.000      0.000      0.000      0.000      0.000      0.000      0.000      0.000      0.000      0.042      0.958      5.000  90
     0.000      0.000      0.000      0.000      0.000      0.000      0.000      0.000      0.000      0.000      0.000      0.000      0.000      0.042      0.958      5.000  91
     1.000      1.000      1.000      1.000      1.000      1.000      1.000      1.000      1.000      1.000      0.982      0.000      0.018      0.000      0.000      1.000  92
     1.000      1.000      1.000      1.000      1.000      1.000      1.000      1.000      1.000      1.000      0.982      0.000      0.018      0.000      0.000      1.000  93
     1.000      0.000      0.000      0.000      0.000      0.000      0.000      0.000      0.000      0.000      0.000      0.000      0.000      0.242      0.758      5.000  94
     1.000      1.000      1.000      1.000      1.000      1.000      1.000      1.000      1.000      0.000      0.946      0.000      0.054      0.000      0.000      1.000  95
     0.000      0.000      0.000      0.000      0.000      0.000      0.000      1.000      0.000      0.000      0.000      0.000      0.000      0.132      0.868      5.000  96
     1.000      1.000      1.000      0.000      1.000      1.000      1.000      1.000      1.000      1.000      0.601      0.000      0.399      0.000      0.000      1.000  97
     1.000      0.000      1.000      0.000      1.000      0.000      1.000      1.000      1.000      1.000      0.005      0.000      0.995      0.000      0.000      3.000  98
     0.000      0.000      0.000      0.000      0.000      0.000      0.000      0.000      0.000      0.000      0.000      0.000      0.000      0.042      0.958      5.000  99
     1.000      1.000      1.000      1.000      1.000      1.000      1.000      1.000      1.000      1.000      0.982      0.000      0.018      0.000      0.000      1.000 100
