     0.000      1.000      0.000      0.000      0.000      0.000      0.000      0.000      0.000      0.000      0.000      0.000      0.000      1.000      0.000      4.000   0
     1.000      0.000      1.000      1.000      1.000      1.000      1.000      1.000      1.000      1.000      0.776      0.224      0.000      0.000      0.000      1.000   1
     1.000      0.000      0.000      0.000      0.000      0.000      0.000      0.000      0.000      0.000      0.000      0.000      0.000      1.000      0.000      4.000   2
     1.000      0.000      0.000      1.000      1.000      1.000      1.000      0.000      1.000      1.000      0.075      0.925      0.000      0.000      0.000      2.000   3
     0.000      0.000      1.000      0.000      0.000      0.000      0.000      1.000      0.000      0.000      0.000      0.000      0.002      0.000      0.998      5.000   4
     0.000      1.000      0.000      0.000      0.000      0.000      0.000      0.000      0.000      0.000      0.000      0.000      0.000      1.000      0.000      4.000   5
     1.000      1.000      1.000      1.000      1.000      1.000      1.000      1.000      1.000      1.000      0.980      0.020      0.000      0.000      0.000      1.000   6
     1.000      1.000      0.000      1.000      1.000      1.000      1.000      1.000      1.000      1.000      0.802      0.198      0.000      0.000      0.000      1.000   7
     0.000      0.000      1.000      0.000      0.000      0.000      0.000      0.000      0.000      0.000      0.000      0.000      0.000      1.000      0.000      4.000   8
     0.000      0.000      0.000      0.000      0.000      0.000      1.000      0.000      0.000      0.000      0.000      0.000      0.000      1.000      0.000      4.000   9
     1.000      0.000      1.000      1.000      1.000      0.000      0.000      1.000      1.000      1.000      0.000      0.987      0.013      0.000      0.000      2.000  10
     0.000      1.000      0.000      0.000      0.000      1.000      0.000      0.000      0.000      0.000      0.000      0.000      0.000      1.000      0.000      4.000  11
     0.000      0.000      0.000      1.000      0.000      1.000      1.000      0.000      0.000      0.000      0.000      0.000      0.000      1.000      0.000      4.000  12
     0.000      0.000      0.000      0.000      0.000      0.000      0.000      0.000      0.000      1.000      0.000      0.000      0.000      1.000      0.000      4.000  13
     0.000      1.000      0.000      0.000      0.000      0.000      0.000      0.000      0.000      0.000      0.000      0.000      0.000      1.000      0.000      4.000  14
     1.000      0.000      1.000      0.000      1.000      0.000      0.000      1.000      1.000      1.000      0.000      0.979      0.021      0.000      0.000      2.000  15
     1.000      1.000      1.000      1.000      1.000      1.000      1.000      1.000      1.000      1.000      0.980      0.020      0.000      0.000      0.000      1.000  16
     1.000      1.000      1.000      1.000      0.000      1.000      1.000      1.000      1.000      1.000      0.955      0.045      0.000      0.000      0.000      1.000  17
     0.000      0.000      0.000      0.000      1.000      0.000      0.000      0.000      0.000      0.000      0.000      0.000      0.000      1.000      0.000      4.000  18
     1.000      1.000      1.000      1.000      1.000      1.000      1.000      1.000      1.000      0.000      1.000      0.000      0.000      0.000      0.000      1.000  19
     0.000      0.000      0.000      0.000      0.000      0.000      0.000      0.000      0.000      1.000      0.000      0.000      0.000      1.000      0.000      4.000  20
     1.000      1.000      1.000      1.000      1.000      1.000      1.000      1.000      1.000      1.000      0.980      0.020      0.000      0.000      0.000      1.000  21
     0.000      1.000      1.000      0.000      0.000      0.000      1.000      0.000      0.000      0.000      0.000      0.000      0.000      1.000      0.000      4.000  22
     1.000      0.000      0.000      1.000      1.000      1.000      0.000      1.000      1.000      1.000      0.000      0.973      0.027      0.000      0.000      2.000  23
     1.000      1.000      1.000      1.000      1.000      1.000      1.000      1.000      1.000      1.000      0.980      0.020      0.000      0.000      0.000      1.000  24
     1.000      1.000      1.000      1.000      1.000      1.000      1.000      1.000      1.000      0.000      1.000      0.000      0.000      0.000      0.000      1.000  25
     0.000      0.000      0.000      0.000      0.000      0.000      0.000      0.000      0.000      1.000      0.000      0.000      0.000      1.000      0.000      4.000  26
     1.000      1.000      1.000      1.000      1.000      1.000      1.000      1.000      1.000      1.000      0.980      0.020      0.000      0.000      0.000      1.000  27
     1.000      1.000      1.000      1.000      1.000      1.000      1.000      1.000      1.000      1.000      0.980      0.020      0.000      0.000      0.000      1.000  28
     0.000      0.000      0.000      0.000      0.000      0.000      0.000      0.000      1.000      0.000      0.000      0.000      0.000      1.000      0.000      4.000  29
     1.000      1.000      1.000      1.000      1.000      1.000      1.000      1.000      1.000      1.000      0.980      0.020      0.000      0.000      0.000      1.000  30
     1.000      1.000      1.000      1.000      1.000      1.000      1.000      1.000      1.000      1.000      0.980      0.020      0.000      0.000      0.000      1.000  31
     1.000      0.000      1.000      1.000      0.000      1.000      1.000      0.000      1.000      1.000      0.295      0.704      0.000      0.001      0.000      2.000  32
     0.000      1.000      0.000      0.000      0.000      0.000      0.000      1.000      0.000      0.000      0.000      0.000      0.014      0.000      0.986      5.000  33
     0.000      0.000      0.000      0.000      1.000      0.000      0.000      0.000      0.000      0.000      0.000      0.000      0.000      1.000      0.000      4.000  34
     1.000      1.000      1.000      1.000      1.000      1.000      1.000      1.000      1.000      1.000      0.980      0.020      0.000      0.000      0.000      1.000  35
     1.000      1.000      0.000      1.000      1.000      1.000      1.000      1.000      1.000      1.000      0.802      0.198      0.000      0.000      0.000      1.000  36
     0.000      0.000      1.000      0.000      0.000      0.000      0.000      0.000      0.000      0.000      0.000      0.000      0.000      1.000      0.000      4.000  37
     0.000      0.000      0.000      0.000      0.000      0.000      0.000      0.000      0.000      1.000      0.000      0.000      0.000      1.000      0.000      4.000  38
     1.000      1.000      1.000      1.000      1.000      1.000      1.000      1.000      1.000      1.000      0.980      0.020      0.000      0.000      0.000      1.000  39
     0.000      0.000      0.000      0.000      0.000      0.000      0.000      1.000      0.000      0.000      0.000      0.000      0.001      0.000      0.999      5.000  40
     1.000      0.000      0.000      1.000      1.000      1.000      1.000      1.000      1.000      1.000      0.225      0.775      0.000      0.000      0.000      2.000  41
     0.000      1.000      1.000      0.000      0.000      0.000      0.000      0.000      0.000      0.000      0.000      0.000      0.000      1.000      0.000      4.000  42
     1.000      1.000      1.000      1.000      1.000      1.000      1.000      0.000      1.000      1.000      0.930      0.070      0.000      0.000      0.000      1.000  43
     0.000      0.000      0.000      0.000      0.000      0.000      0.000      1.000      0.000      0.000      0.000      0.000      0.001      0.000      0.999      5.000  44
     1.000      1.000      0.000      0.000      0.000      0.000      1.000      0.000      0.000      0.000      0.000      0.000      0.000      1.000      0.000      4.000  45
     0.000      0.000      1.000      1.000      1.000      1.000      0.000      0.000      1.000      1.000      0.000      0.998      0.000      0.002      0.000      2.000  46
     0.000      0.000      0.000      0.000      0.000      0.000      0.000      1.000      0.000      0.000      0.000      0.000      0.001      0.000      0.999      5.000  47
     0.000      0.000      0.000      0.000      0.000      1.000      0.000      0.000      0.000      0.000      0.000      0.000      0.000      1.000      0.000      4.000  48
     1.000      1.000      1.000      1.000      1.000      0.000      1.000      1.000      1.000      1.000      0.451      0.549      0.000      0.000      0.000      2.000  49
     1.000      1.000      1.000      1.000      1.000      1.000      1.000      1.000      1.000      0.000      1.000      0.000      0.000      0.000      0.000      1.000  50
     0.000      0.000      0.000      0.000      0.000      0.000      0.000      0.000      0.000      1.000      0.000      0.000      0.000      1.000      0.000      4.000  51
     0.000      0.000      0.000      0.000      0.000      1.000      0.000      1.000      0.000      0.000      0.000      0.000      0.005      0.000      0.995      5.000  52
     0.000      0.000      1.000      0.000      0.000      0.000      0.000      0.000      0.000      0.000      0.000      0.000      0.000      1.000      0.000      4.000  53
     1.000      1.000      0.000      1.000      1.000      0.000      1.000      0.000      1.000      1.000      0.019      0.980      0.000      0.001      0.000      2.000  54
     0.000      0.000      0.000      0.000      0.000      0.000      0.000      0.000      0.000      1.000      0.000      0.000      0.000      1.000      0.000      4.000  55
     0.000      0.000      1.000      1.000      0.000      0.000      1.000      0.000      0.000      0.000      0.000      0.000      0.000      1.000      0.000      4.000  56
     1.000      1.000      0.000      0.000      1.000      1.000      0.000      1.000      1.000      1.000      0.000      0.886      0.114      0.000      0.000      2.000  57
     1.000      1.000      1.000      1.000      1.000      1.000      1.000      1.000      1.000      1.000      0.980      0.020      0.000      0.000      0.000      1.000  58
     1.000      1.000      1.000      1.000      0.000      1.000      1.000      1.000      1.000      1.000      0.955      0.045      0.000      0.000      0.000      1.000  59
     0.000      0.000      0.000      0.000      1.000      0.000      0.000      0.000      0.000      0.000      0.000      0.000      0.000      1.000      0.000      4.000  60
     1.000      1.000      1.000      1.000      1.000      1.000      1.000      0.000      1.000      1.000      0.930      0.070      0.000      0.000      0.000      1.000  61
     0.000      0.000      0.000      0.000      0.000      0.000      0.000      1.000      0.000      0.000      0.000      0.000      0.001      0.000      0.999      5.000  62
     1.000      0.000      1.000      1.000      1.000      1.000      1.000      1.000      1.000      1.000      0.776      0.224      0.000      0.000      0.000      1.000  63
     0.000      1.000      0.000      0.000      0.000      0.000      0.000      0.000      0.000      0.000      0.000      0.000      0.000      1.000      0.000      4.000  64
     1.000      1.000      1.000      1.000      1.000      1.000      1.000      1.000      1.000      0.000      1.000      0.000      0.000      0.000      0.000      1.000  65
     0.000      0.000      0.000      0.000      0.000      0.000      0.000      0.000      0.000      1.000      0.000      0.000      0.000      1.000      0.000      4.000  66
     0.000      0.000      0.000      1.000      1.000      1.000      1.000      1.000      1.000      1.000      0.054      0.946      0.000      0.000      0.000      2.000  67
     1.000      1.000      1.000      0.000      0.000      0.000      0.000      0.000      0.000      0.000      0.000      0.000      0.000      1.000      0.000      4.000  68
     1.000      1.000      1.000      1.000      1.000      1.000      1.000      1.000      1.000      1.000      0.980      0.020      0.000      0.000      0.000      1.000  69
     1.000      1.000      1.000      1.000      1.000      1.000      1.000      0.000      1.000      0.000      1.000      0.000      0.000      0.000      0.000      1.000  70
     0.000      0.000      0.000      0.000      0.000      0.000      0.000      1.000      0.000      0.000      0.000      0.000      0.001      0.000      0.999      5.000  71
     0.000      0.000      0.000      0.000      0.000      0.000      0.000      0.000      0.000      1.000      0.000      0.000      0.000      1.000      0.000      4.000  72
     0.000      1.000      1.000      1.000      1.000      1.000      1.000      1.000      1.000      1.000      0.904      0.096      0.000      0.000      0.000      1.000  73
     1.000      0.000      0.000      0.000      0.000      0.000      0.000      0.000      0.000      0.000      0.000      0.000      0.000      1.000      0.000      4.000  74
     0.000      0.000      0.000      0.000      0.000      1.000      1.000      1.000      0.000      0.000      0.000      0.000      0.000      0.000      1.000      5.000  75
     1.000      0.000      1.000      1.000      1.000      0.000      0.000      0.000      1.000      1.000      0.000      0.998      0.000      0.002      0.000      2.000  76
     0.000      1.000      0.000      0.000      0.000      0.000      0.000      0.000      1.000      0.000      0.000      0.000      0.000      1.000      0.000      4.000  77
     1.000      1.000      1.000      1.000      1.000      1.000      1.000      1.000      1.000      1.000      0.980      0.020      0.000      0.000      0.000      1.000  78
     1.000      0.000      0.000      1.000      0.000      0.000      1.000      0.000      0.000      0.000      0.000      0.000      0.000      1.000      0.000      4.000  79
     0.000      1.000      1.000      0.000      1.000      1.000      0.000      1.000      1.000      1.000      0.000      0.960      0.040      0.000      0.000      2.000  80
     0.000      0.000      0.000      0.000      0.000      0.000      0.000      1.000      0.000      0.000      0.000      0.000      0.001      0.000      0.999      5.000  81
     1.000      0.000      0.000      0.000      0.000      0.000      0.000      0.000      0.000      0.000      0.000      0.000      0.000      1.000      0.000      4.000  82
     0.000      1.000      1.000      1.000      1.000      1.000      1.000      1.000      1.000      1.000      0.904      0.096      0.000      0.000      0.000      1.000  83
     0.000      0.000      0.000      0.000      0.000      1.000      0.000      0.000      0.000      0.000      0.000      0.000      0.000      1.000      0.000      4.000  84
     1.000      1.000      1.000      1.000      1.000      1.000      1.000      1.000      1.000      1.000      0.980      0.020      0.000      0.000      0.000      1.000  85
     1.000      0.000      0.000      1.000      0.000      1.000      0.000      1.000      1.000      0.000      0.000      0.000      1.000      0.000      0.000      3.000  86
     0.000      1.000      1.000      0.000      1.000      0.000      1.000      0.000      0.000      1.000      0.000      0.109      0.000      0.891      0.000      4.000  87
     1.000      0.000      1.000      1.000      1.000      1.000      1.000      0.000      1.000      0.000      1.000      0.000      0.000      0.000      0.000      1.000  88
     0.000      0.000      0.000      0.000      0.000      0.000      0.000      1.000      0.000      0.000      0.000      0.000      0.001      0.000      0.999      5.000  89
     0.000      0.000      0.000      0.000      0.000      0.000      0.000      0.000      0.000      1.000      0.000      0.000      0.000      1.000      0.000      4.000  90
     0.000      1.000      0.000      0.000      0.000      0.000      0.000      0.000      0.000      0.000      0.000      0.000      0.000      1.000      0.000      4.000  91
     1.000      1.000      1.000      1.000      1.000      1.000      1.000      1.000      1.000      1.000      0.980      0.020      0.000      0.000      0.000      1.000  92
     1.000      1.000      1.000      1.000      1.000      1.000      1.000      1.000      1.000      1.000      0.980      0.020      0.000      0.000      0.000      1.000  93
     1.000      1.000      1.000      1.000      1.000      1.000      1.000      1.000      1.000      1.000      0.980      0.020      0.000      0.000      0.000      1.000  94
     0.000      0.000      1.000      1.000      1.000      1.000      1.000      0.000      1.000      1.000      0.158      0.842      0.000      0.000      0.000      2.000  95
     0.000      0.000      0.000      0.000      0.000      0.000      0.000      1.000      0.000      0.000      0.000      0.000      0.001      0.000      0.999      5.000  96
     1.000      1.000      0.000      0.000      0.000      0.000      0.000      1.000      0.000      0.000      0.000      0.000      0.193      0.000      0.807      5.000  97
     0.000      0.000      1.000      1.000      0.000      1.000      1.000      0.000      0.000      1.000      0.000      0.114      0.000      0.886      0.000      4.000  98
     1.000      0.000      0.000      0.000      0.000      0.000      0.000      0.000      0.000      0.000      0.000      0.000      0.000      1.000      0.000      4.000  99
     0.000      1.000      0.000      0.000      1.000      0.000      0.000      1.000      1.000      0.000      0.000      0.000      1.000      0.000      0.000      3.000 100
     0.000      0.000      1.000      1.000      1.000      1.000      1.000      1.000      1.000      1.000      0.403      0.597      0.000      0.000      0.000      2.000 101
     1.000      0.000      0.000      0.000      0.000      0.000      0.000      0.000      0.000      0.000      0.000      0.000      0.000      1.000      0.000      4.000 102
     0.000      1.000      0.000      0.000      0.000      0.000      0.000      0.000      0.000      0.000      0.000      0.000      0.000      1.000      0.000      4.000 103
     0.000      0.000      0.000      1.000      0.000      0.000      1.000      0.000      0.000      0.000      0.000      0.000      0.000      1.000      0.000      4.000 104
     1.000      1.000      1.000      0.000      1.000      1.000      0.000      1.000      1.000      1.000      0.000      0.986      0.014      0.000      0.000      2.000 105
     1.000      1.000      1.000      1.000      1.000      1.000      1.000      1.000      1.000      1.000      0.980      0.020      0.000      0.000      0.000      1.000 106
     1.000      1.000      1.000      1.000      1.000      1.000      1.000      0.000      1.000      1.000      0.930      0.070      0.000      0.000      0.000      1.000 107
     0.000      0.000      0.000      0.000      0.000      0.000      0.000      1.000      0.000      0.000      0.000      0.000      0.001      0.000      0.999      5.000 108
     1.000      1.000      1.000      1.000      1.000      1.000      1.000      1.000      1.000      1.000      0.980      0.020      0.000      0.000      0.000      1.000 109
     0.000      0.000      0.000      0.000      0.000      0.000      0.000      1.000      0.000      0.000      0.000      0.000      0.001      0.000      0.999      5.000 110
     1.000      1.000      1.000      1.000      1.000      1.000      1.000      1.000      1.000      1.000      0.980      0.020      0.000      0.000      0.000      1.000 111
     1.000      1.000      1.000      1.000      1.000      1.000      1.000      1.000      1.000      1.000      0.980      0.020      0.000      0.000      0.000      1.000 112
     1.000      1.000      1.000      1.000      1.000      1.000      1.000      1.000      1.000      1.000      0.980      0.020      0.000      0.000      0.000      1.000 113
     1.000      0.000      1.000      1.000      1.000      1.000      1.000      1.000      1.000      1.000      0.776      0.224      0.000      0.000      0.000      1.000 114
     0.000      1.000      0.000      0.000      0.000      0.000      0.000      0.000      0.000      0.000      0.000      0.000      0.000      1.000      0.000      4.000 115
     1.000      1.000      1.000      1.000      1.000      1.000      1.000      1.000      1.000      1.000      0.980      0.020      0.000      0.000      0.000      1.000 116
     0.000      1.000      0.000      1.000      0.000      1.000      0.000      1.000      1.000      0.000      0.000      0.000      1.000      0.000      0.000      3.000 117
     0.000      0.000      0.000      0.000      0.000      0.000      1.000      0.000      0.000      1.000      0.000      0.000      0.000      1.000      0.000      4.000 118
     1.000      0.000      1.000      0.000      1.000      0.000      1.000      0.000      0.000      0.000      0.000      0.000      0.000      1.000      0.000      4.000 119
     1.000      1.000      1.000      1.000      1.000      1.000      1.000      1.000      1.000      1.000      0.980      0.020      0.000      0.000      0.000      1.000 120
     1.000      0.000      1.000      1.000      1.000      1.000      1.000      0.000      1.000      1.000      0.490      0.510      0.000      0.000      0.000      2.000 121
     0.000      0.000      0.000      0.000      0.000      0.000      0.000      1.000      0.000      0.000      0.000      0.000      0.001      0.000      0.999      5.000 122
     0.000      1.000      0.000      0.000      0.000      0.000      0.000      1.000      0.000      0.000      0.000      0.000      0.014      0.000      0.986      5.000 123
     1.000      1.000      1.000      1.000      1.000      1.000      1.000      1.000      1.000      1.000      0.980      0.020      0.000      0.000      0.000      1.000 124
     0.000      0.000      1.000      1.000      1.000      1.000      0.000      0.000      0.000      0.000      0.000      0.000      0.000      1.000      0.000      4.000 125
     0.000      1.000      0.000      0.000      0.000      0.000      2.000      1.000      1.000      1.000      0.000      0.000      1.000      0.000      0.000      3.000 126
     1.000      0.000      0.000      0.000      0.000      0.000      1.000      0.000      0.000      0.000      0.000      0.000      0.000      1.000      0.000      4.000 127
     1.000      1.000      1.000      1.000      1.000      1.000      1.000      0.000      1.000      1.000      0.930      0.070      0.000      0.000      0.000      1.000 128
     0.000      0.000      0.000      0.000      0.000      0.000      0.000      1.000      0.000      0.000      0.000      0.000      0.001      0.000      0.999      5.000 129
     1.000      1.000      1.000      1.000      1.000      1.000      1.000      1.000      1.000      1.000      0.980      0.020      0.000      0.000      0.000      1.000 130
     0.000      1.000      0.000      0.000      0.000      1.000      1.000      0.000      0.000      1.000      0.000      0.002      0.000      0.998      0.000      4.000 131
     1.000      0.000      1.000      1.000      2.000      0.000      0.000      1.000      1.000      0.000      0.000      0.000      1.000      0.000      0.000      3.000 132
     1.000      1.000      1.000      1.000      1.000      1.000      1.000      1.000      1.000      1.000      0.980      0.020      0.000      0.000      0.000      1.000 133
     1.000      0.000      1.000      1.000      1.000      1.000      1.000      0.000      1.000      1.000      0.490      0.510      0.000      0.000      0.000      2.000 134
     0.000      0.000      0.000      0.000      0.000      0.000      0.000      1.000      0.000      0.000      0.000      0.000      0.001      0.000      0.999      5.000 135
     0.000      1.000      0.000      0.000      0.000      0.000      0.000      0.000      0.000      0.000      0.000      0.000      0.000      1.000      0.000      4.000 136
     1.000      1.000      1.000      1.000      1.000      1.000      1.000      1.000      1.000      1.000      0.980      0.020      0.000      0.000      0.000      1.000 137
     1.000      0.000      1.000      1.000      1.000      0.000      1.000      1.000      1.000      1.000      0.056      0.944      0.000      0.000      0.000      2.000 138
     0.000      0.000      0.000      0.000      0.000      1.000      0.000      0.000      0.000      0.000      0.000      0.000      0.000      1.000      0.000      4.000 139
     0.000      1.000      0.000      0.000      0.000      0.000      0.000      0.000      0.000      0.000      0.000      0.000      0.000      1.000      0.000      4.000 140
     1.000      1.000      1.000      1.000      1.000      1.000      2.000      1.000      1.000      1.000      0.999      0.000      0.001      0.000      0.000      1.000 141
     1.000      1.000      0.000      1.000      0.000      0.000      0.000      1.000      0.000      1.000      0.000      0.014      0.986      0.000      0.000      3.000 142
     0.000      0.000      1.000      0.000      0.000      1.000      1.000      0.000      1.000      0.000      0.000      0.000      0.000      1.000      0.000      4.000 143
     0.000      0.000      0.000      0.000      1.000      0.000      0.000      0.000      0.000      0.000      0.000      0.000      0.000      1.000      0.000      4.000 144
     1.000      1.000      1.000      1.000      1.000      1.000      1.000      1.000      1.000      1.000      0.980      0.020      0.000      0.000      0.000      1.000 145
     1.000      1.000      1.000      1.000      1.000      1.000      1.000      0.000      1.000      1.000      0.930      0.070      0.000      0.000      0.000      1.000 146
     0.000      0.000      0.000      0.000      0.000      0.000      0.000      1.000      0.000      0.000      0.000      0.000      0.001      0.000      0.999      5.000 147
     1.000      1.000      1.000      1.000      1.000      1.000      1.000      1.000      1.000      1.000      0.980      0.020      0.000      0.000      0.000      1.000 148
     0.000      1.000      0.000      1.000      0.000      1.000      1.000      0.000      1.000      1.000      0.080      0.836      0.000      0.084      0.000      2.000 149
     0.000      0.000      1.000      0.000      1.000      0.000      0.000      1.000      0.000      0.000      0.000      0.000      0.017      0.000      0.983      5.000 150
     1.000      0.000      0.000      0.000      0.000      0.000      0.000      0.000      0.000      0.000      0.000      0.000      0.000      1.000      0.000      4.000 151
     1.000      1.000      1.000      1.000      1.000      1.000      1.000      0.000      1.000      1.000      0.930      0.070      0.000      0.000      0.000      1.000 152
     0.000      0.000      0.000      0.000      0.000      0.000      0.000      1.000      0.000      0.000      0.000      0.000      0.001      0.000      0.999      5.000 153
     1.000      1.000      1.000      1.000      1.000      1.000      1.000      1.000      1.000      1.000      0.980      0.020      0.000      0.000      0.000      1.000 154
     1.000      0.000      0.000      1.000      1.000      1.000      1.000      1.000      1.000      1.000      0.225      0.775      0.000      0.000      0.000      2.000 155
     0.000      1.000      1.000      0.000      0.000      0.000      0.000      0.000      0.000      0.000      0.000      0.000      0.000      1.000      0.000      4.000 156
     1.000      0.000      1.000      1.000      1.000      1.000      1.000      1.000      1.000      1.000      0.776      0.224      0.000      0.000      0.000      1.000 157
     0.000      1.000      0.000      0.000      0.000      0.000      0.000      0.000      0.000      0.000      0.000      0.000      0.000      1.000      0.000      4.000 158
     1.000      1.000      1.000      1.000      1.000      1.000      1.000      1.000      1.000      1.000      0.980      0.020      0.000      0.000      0.000      1.000 159
     1.000      1.000      0.000      1.000      1.000      1.000      1.000      1.000      1.000      1.000      0.802      0.198      0.000      0.000      0.000      1.000 160
     0.000      0.000      1.000      0.000      0.000      0.000      0.000      0.000      0.000      0.000      0.000      0.000      0.000      1.000      0.000      4.000 161
     0.000      1.000      1.000      1.000      1.000      1.000      1.000      0.000      1.000      1.000      0.723      0.277      0.000      0.000      0.000      1.000 162
     1.000      0.000      0.000      0.000      0.000      0.000      0.000      1.000      0.000      0.000      0.000      0.000      0.012      0.000      0.988      5.000 163
     1.000      1.000      1.000      1.000      1.000      1.000      1.000      1.000      1.000      1.000      0.980      0.020      0.000      0.000      0.000      1.000 164
     1.000      1.000      1.000      1.000      1.000      1.000      1.000      1.000      1.000      1.000      0.980      0.020      0.000      0.000      0.000      1.000 165
     1.000      1.000      1.000      1.000      1.000      1.000      1.000      1.000      1.000      1.000      0.980      0.020      0.000      0.000      0.000      1.000 166
     0.000      0.000      1.000      1.000      0.000      1.000      0.000      0.000      0.000      0.000      0.000      0.000      0.000      1.000      0.000      4.000 167
     0.000      0.000      0.000      0.000      0.000      0.000      0.000      1.000      0.000      0.000      0.000      0.000      0.001      0.000      0.999      5.000 168
     1.000      1.000      0.000      0.000      1.000      0.000      1.000      0.000      1.000      1.000      0.000      0.987      0.000      0.013      0.000      2.000 169
     0.000      0.000      0.000      0.000      0.000      0.000      0.000      1.000      0.000      0.000      0.000      0.000      0.001      0.000      0.999      5.000 170
     0.000      0.000      0.000      0.000      0.000      0.000      0.000      1.000      0.000      0.000      0.000      0.000      0.001      0.000      0.999      5.000 171
     1.000      1.000      1.000      1.000      1.000      1.000      1.000      0.000      1.000      1.000      0.930      0.070      0.000      0.000      0.000      1.000 172
     0.000      0.000      0.000      0.000      0.000      0.000      0.000      1.000      0.000      0.000      0.000      0.000      0.001      0.000      0.999      5.000 173
     1.000      1.000      1.000      1.000      1.000      1.000      1.000      1.000      1.000      1.000      0.980      0.020      0.000      0.000      0.000      1.000 174
     1.000      1.000      1.000      1.000      1.000      1.000      1.000      1.000      1.000      1.000      0.980      0.020      0.000      0.000      0.000      1.000 175
     0.000      0.000      0.000      0.000      0.000      0.000      0.000      0.000      0.000      1.000      0.000      0.000      0.000      1.000      0.000      4.000 176
     0.000      0.000      0.000      1.000      0.000      0.000      0.000      0.000      0.000      0.000      0.000      0.000      0.000      1.000      0.000      4.000 177
     1.000      1.000      1.000      1.000      1.000      1.000      1.000      1.000      1.000      1.000      0.980      0.020      0.000      0.000      0.000      1.000 178
     1.000      0.000      0.000      0.000      0.000      0.000      0.000      0.000      0.000      0.000      0.000      0.000      0.000      1.000      0.000      4.000 179
     1.000      1.000      1.000      1.000      1.000      1.000      1.000      1.000      1.000      1.000      0.980      0.020      0.000      0.000      0.000      1.000 180
     0.000      1.000      1.000      1.000      1.000      1.000      1.000      1.000      1.000      1.000      0.904      0.096      0.000      0.000      0.000      1.000 181
     1.000      0.000      0.000      0.000      0.000      0.000      0.000      0.000      0.000      0.000      0.000      0.000      0.000      1.000      0.000      4.000 182
     0.000      0.000      0.000      0.000      0.000      0.000      0.000      0.000      0.000      1.000      0.000      0.000      0.000      1.000      0.000      4.000 183
     1.000      1.000      1.000      1.000      1.000      1.000      1.000      1.000      1.000      0.000      1.000      0.000      0.000      0.000      0.000      1.000 184
     1.000      1.000      1.000      1.000      1.000      1.000      1.000      0.000      1.000      1.000      0.930      0.070      0.000      0.000      0.000      1.000 185
     0.000      0.000      0.000      0.000      0.000      0.000      0.000      1.000      0.000      0.000      0.000      0.000      0.001      0.000      0.999      5.000 186
     0.000      0.000      0.000      1.000      0.000      0.000      0.000      0.000      0.000      0.000      0.000      0.000      0.000      1.000      0.000      4.000 187
     1.000      1.000      1.000      0.000      1.000      1.000      1.000      0.000      1.000      1.000      0.000      1.000      0.000      0.000      0.000      2.000 188
     0.000      0.000      0.000      0.000      0.000      0.000      0.000      1.000      0.000      0.000      0.000      0.000      0.001      0.000      0.999      5.000 189
     0.000      1.000      0.000      1.000      0.000      1.000      0.000      0.000      0.000      0.000      0.000      0.000      0.000      1.000      0.000      4.000 190
     0.000      0.000      0.000      0.000      0.000      0.000      0.000      0.000      0.000      1.000      0.000      0.000      0.000      1.000      0.000      4.000 191
     1.000      0.000      1.000      0.000      1.000      0.000      1.000      1.000      0.000      1.000      0.000      1.000      0.000      0.000      0.000      2.000 192
     0.000      0.000      0.000      0.000      0.000      0.000      0.000      0.000      1.000      1.000      0.000      0.004      0.000      0.996      0.000      4.000 193
     0.000      0.000      0.000      0.000      0.000      0.000      1.000      0.000      0.000      0.000      0.000      0.000      0.000      1.000      0.000      4.000 194
     0.000      0.000      0.000      0.000      1.000      0.000      0.000      0.000      0.000      1.000      0.000      0.001      0.000      0.999      0.000      4.000 195
     0.000      0.000      0.000      0.000      0.000      0.000      0.000      0.000      0.000      1.000      0.000      0.000      0.000      1.000      0.000      4.000 196
     0.000      0.000      0.000      0.000      0.000      0.000      0.000      0.000      0.000      1.000      0.000      0.000      0.000      1.000      0.000      4.000 197
     1.000      1.000      1.000      1.000      1.000      1.000      1.000      1.000      1.000      1.000      0.980      0.020      0.000      0.000      0.000      1.000 198
     1.000      1.000      1.000      1.000      1.000      1.000      1.000      1.000      1.000      1.000      0.980      0.020      0.000      0.000      0.000      1.000 199
